1 1 100.0 10
2 1 101.0 5
3 0 99.0 12
4 0 100.0 7
5 1 98.5 15
6 0 102.0 8
7 1 103.0 3
8 0 97.5 20
9 1 104.5 7
10 0 96.0 9
11 1 105.0 6
12 0 95.5 14
13 1 106.0 8
14 0 94.5 10
15 1 107.5 2
16 0 93.0 11
17 1 108.0 4
18 0 92.0 13
19 1 109.5 5
20 0 91.0 15
21 1 110.0 3
22 0 90.5 12
23 1 111.0 6
24 0 89.5 9
25 1 112.5 7
26 0 88.0 10
27 1 113.0 8
28 0 87.5 11
29 1 114.0 9
30 0 86.0 12
31 1 115.5 10
32 0 85.5 13
33 1 116.0 11
34 0 84.0 14
35 1 117.5 12
36 0 83.5 15
37 1 118.0 13
38 0 82.0 16
39 1 119.5 14
40 0 81.5 17
41 1 120.0 15
42 0 80.0 18
43 1 121.5 16
44 0 79.5 19
45 1 122.0 17
46 0 78.0 20
47 1 123.5 18
48 0 77.5 21
49 1 124.0 19
50 0 76.0 22
51 1 125.5 20
52 0 75.5 23
53 1 126.0 21
54 0 74.0 24
55 1 127.5 22
56 0 73.5 25
57 1 128.0 23
58 0 72.0 26
59 1 129.5 24
60 0 71.5 27
61 1 130.0 25
62 0 70.0 28
63 1 131.5 26
64 0 69.5 29
65 1 132.0 27
66 0 68.0 30
67 1 133.5 28
68 0 67.5 31
69 1 134.0 29
70 0 66.0 32
71 1 135.5 30
72 0 65.5 33
73 1 136.0 31
74 0 64.0 34
75 1 137.5 32
76 0 63.5 35
77 1 138.0 33
78 0 62.0 36
79 1 139.5 34
80 0 61.5 37
81 1 140.0 35
82 0 60.0 38
83 1 141.5 36
84 0 59.5 39
85 1 142.0 37
86 0 58.0 40
87 1 143.5 38
88 0 57.5 41
89 1 144.0 39
90 0 56.0 42
91 1 145.5 40
92 0 55.5 43
93 1 146.0 41
94 0 54.0 44
95 1 147.5 42
96 0 53.5 45
97 1 148.0 43
98 0 52.0 46
99 1 149.5 24
100 0 51.5 47